year_month,new_groups,active_users,new_users,old_users,total_users,total_groups
2006-01,1.0,64,64,0,64,1.0
2006-02,15.0,431,415,16,479,16.0
2006-03,3.0,1011,926,85,1405,19.0
2006-04,4.0,702,631,71,2036,23.0
2006-05,0.0,609,524,85,2560,23.0
2006-06,0.0,541,486,55,3046,23.0
2006-07,3.0,573,499,74,3545,26.0
2006-08,0.0,854,783,71,4328,26.0
2006-09,0.0,874,804,70,5132,26.0
2006-10,1.0,1168,970,198,6102,27.0
2006-11,0.0,1542,1182,360,7284,27.0
2006-12,0.0,1359,1098,261,8382,27.0
2007-01,0.0,1398,1171,227,9553,27.0
2007-02,0.0,1628,1365,263,10918,27.0
2007-03,1.0,1969,1671,298,12589,28.0
2007-04,1.0,2076,1753,323,14342,29.0
2007-05,1.0,2289,1939,350,16281,30.0
2007-06,0.0,2228,1906,322,18187,30.0
2007-07,0.0,2361,2006,355,20193,30.0
2007-08,2.0,5417,3616,1801,23809,32.0
2007-09,5.0,6729,5045,1684,28854,37.0
2007-10,0.0,7942,5428,2514,34282,37.0
2007-11,0.0,7646,5226,2420,39508,37.0
2007-12,0.0,8097,5554,2543,45062,37.0
2008-01,146.0,10841,7015,3826,52077,183.0
2008-02,63.0,13345,7027,6318,59104,246.0
2008-03,206.0,17871,8489,9382,67593,452.0
2008-04,101.0,18507,8267,10240,75860,553.0
2008-05,143.0,20278,9242,11036,85102,696.0
2008-06,222.0,21573,8488,13085,93590,918.0
2008-07,207.0,20164,7646,12518,101236,1125.0
2008-08,249.0,19131,7132,11999,108368,1374.0
2008-09,267.0,22240,8834,13406,117202,1641.0
2008-10,191.0,24699,9775,14924,126977,1832.0
2008-11,262.0,25163,9744,15419,136721,2094.0
2008-12,263.0,27912,11705,16207,148426,2357.0
2009-01,247.0,32183,13800,18383,162226,2604.0
2009-02,178.0,32891,14558,18333,176784,2782.0
2009-03,190.0,36095,16637,19458,193421,2972.0
2009-04,193.0,37084,16084,21000,209505,3165.0
2009-05,199.0,39048,16073,22975,225578,3364.0
2009-06,288.0,38962,15914,23048,241492,3652.0
2009-07,361.0,43501,17555,25946,259047,4013.0
2009-08,361.0,53692,22782,30910,281829,4374.0
2009-09,313.0,61313,25030,36283,306859,4687.0
2009-10,404.0,66204,26940,39264,333799,5091.0
2009-11,334.0,65729,24898,40831,358697,5425.0
2009-12,258.0,73141,29505,43636,388202,5683.0
2010-01,356.0,85650,37126,48524,425328,6039.0
2010-02,361.0,79637,31379,48258,456707,6400.0
2010-03,375.0,88152,33830,54322,490537,6775.0
2010-04,413.0,90839,33785,57054,524322,7188.0
2010-05,372.0,92206,33880,58326,558202,7560.0
2010-06,329.0,98291,36605,61686,594807,7889.0
2010-07,379.0,115106,44088,71018,638895,8268.0
2010-08,357.0,122153,48143,74010,687038,8625.0
2010-09,434.0,145680,60426,85254,747464,9059.0
2010-10,405.0,156893,60268,96625,807732,9464.0
2010-11,420.0,176462,64684,111778,872416,9884.0
2010-12,447.0,186552,67694,118858,940110,10331.0
2011-01,529.0,212785,81123,131662,1021233,10860.0
2011-02,519.0,212078,72997,139081,1094230,11379.0
2011-03,563.0,247217,89030,158187,1183260,11942.0
2011-04,549.0,253510,86353,167157,1269613,12491.0
2011-05,672.0,279730,96005,183725,1365618,13163.0
2011-06,671.0,300893,103329,197564,1468947,13834.0
2011-07,699.0,325382,110019,215363,1578966,14533.0
2011-08,874.0,369284,126044,243240,1705010,15407.0
2011-09,703.0,382674,128040,254634,1833050,16110.0
2011-10,591.0,462273,169094,293179,2002144,16701.0
2011-11,372.0,527879,193533,334346,2195677,17073.0
2011-12,,563737,202192,361545,2397869,
